68 28 513 436 181 146 404 435 220 175 56 60 422 490 148 168 365 367 203 216 
45 61 467 550 158 177 339 439 218 212 69 39 639 523 227 147 636 579 225 138 
79 46 636 526 209 163 499 571 248 108 45 55 475 462 151 176 425 414 209 209 
28 58 360 441 111 165 396 377 165 209 62 38 606 377 220 120 363 417 230 159 
39 47 449 479 150 157 409 389 167 223 74 36 622 355 217 126 384 407 246 160 
44 64 440 413 132 160 441 393 184 198 34 54 383 555 118 181 413 293 163 228 
82 39 606 452 217 143 572 481 224 122 44 58 360 542 122 183 459 383 150 212 
74 51 593 423 234 149 383 391 225 180 106 27 664 238 261 87 344 366 284 103 
84 38 640 282 233 103 344 324 230 126 48 68 373 561 133 190 379 463 161 208 
37 56 451 493 145 170 416 397 227 201 36 39 379 562 127 164 350 441 167 240 
62 38 606 377 220 120 363 417 230 159 74 51 593 423 234 149 383 391 225 180 
69 39 639 523 227 147 636 579 225 138 39 47 449 479 150 157 409 389 167 223 
44 58 360 542 122 183 459 383 150 212 37 56 451 493 145 170 416 397 227 201 
56 60 422 490 148 168 365 367 203 216 82 39 606 452 217 143 572 481 224 122 
74 36 622 355 217 126 384 407 246 160 79 46 636 526 209 163 499 571 248 108 
48 68 373 561 133 190 379 463 161 208 45 61 467 550 158 177 339 439 218 212 
106 27 664 238 261 87 344 366 284 103 28 58 360 441 111 165 396 377 165 209 
36 39 379 562 127 164 350 441 167 240 44 64 440 413 132 160 441 393 184 198 
34 54 383 555 118 181 413 293 163 228 68 28 513 436 181 146 404 435 220 175 
45 55 475 462 151 176 425 414 209 209 84 38 640 282 233 103 344 324 230 126 
37 56 451 493 145 170 416 397 227 201 56 60 422 490 148 168 365 367 203 216 
82 39 606 452 217 143 572 481 224 122 106 27 664 238 261 87 344 366 284 103 
45 61 467 550 158 177 339 439 218 212 44 58 360 542 122 183 459 383 150 212 
74 51 593 423 234 149 383 391 225 180 48 68 373 561 133 190 379 463 161 208 
84 38 640 282 233 103 344 324 230 126 34 54 383 555 118 181 413 293 163 228 
28 58 360 441 111 165 396 377 165 209 69 39 639 523 227 147 636 579 225 138 
39 47 449 479 150 157 409 389 167 223 62 38 606 377 220 120 363 417 230 159 
44 64 440 413 132 160 441 393 184 198 45 55 475 462 151 176 425 414 209 209 
79 46 636 526 209 163 499 571 248 108 36 39 379 562 127 164 350 441 167 240 
68 28 513 436 181 146 404 435 220 175 74 36 622 355 217 126 384 407 246 160 
34 54 383 555 118 181 413 293 163 228 79 46 636 526 209 163 499 571 248 108 
62 38 606 377 220 120 363 417 230 159 45 61 467 550 158 177 339 439 218 212 
44 58 360 542 122 183 459 383 150 212 28 58 360 441 111 165 396 377 165 209 
56 60 422 490 148 168 365 367 203 216 84 38 640 282 233 103 344 324 230 126 
106 27 664 238 261 87 344 366 284 103 39 47 449 479 150 157 409 389 167 223 
48 68 373 561 133 190 379 463 161 208 82 39 606 452 217 143 572 481 224 122 
45 55 475 462 151 176 425 414 209 209 37 56 451 493 145 170 416 397 227 201 
44 64 440 413 132 160 441 393 184 198 74 36 622 355 217 126 384 407 246 160 
69 39 639 523 227 147 636 579 225 138 74 51 593 423 234 149 383 391 225 180 
36 39 379 562 127 164 350 441 167 240 68 28 513 436 181 146 404 435 220 175 
45 61 467 550 158 177 339 439 218 212 56 60 422 490 148 168 365 367 203 216 
28 58 360 441 111 165 396 377 165 209 45 55 475 462 151 176 425 414 209 209 
62 38 606 377 220 120 363 417 230 159 69 39 639 523 227 147 636 579 225 138 
44 64 440 413 132 160 441 393 184 198 68 28 513 436 181 146 404 435 220 175 
74 36 622 355 217 126 384 407 246 160 84 38 640 282 233 103 344 324 230 126 
39 47 449 479 150 157 409 389 167 223 74 51 593 423 234 149 383 391 225 180 
106 27 664 238 261 87 344 366 284 103 79 46 636 526 209 163 499 571 248 108 
82 39 606 452 217 143 572 481 224 122 36 39 379 562 127 164 350 441 167 240 
44 58 360 542 122 183 459 383 150 212 48 68 373 561 133 190 379 463 161 208 
37 56 451 493 145 170 416 397 227 201 34 54 383 555 118 181 413 293 163 228 
68 28 513 436 181 146 404 435 220 175 82 39 606 452 217 143 572 481 224 122 
84 38 640 282 233 103 344 324 230 126 37 56 451 493 145 170 416 397 227 201 
56 60 422 490 148 168 365 367 203 216 28 58 360 441 111 165 396 377 165 209 
79 46 636 526 209 163 499 571 248 108 44 64 440 413 132 160 441 393 184 198 
45 55 475 462 151 176 425 414 209 209 39 47 449 479 150 157 409 389 167 223 
69 39 639 523 227 147 636 579 225 138 106 27 664 238 261 87 344 366 284 103 
34 54 383 555 118 181 413 293 163 228 74 36 622 355 217 126 384 407 246 160 
36 39 379 562 127 164 350 441 167 240 45 61 467 550 158 177 339 439 218 212 
48 68 373 561 133 190 379 463 161 208 62 38 606 377 220 120 363 417 230 159 
74 51 593 423 234 149 383 391 225 180 44 58 360 542 122 183 459 383 150 212 
74 51 593 423 234 149 383 391 225 180 44 64 440 413 132 160 441 393 184 198 
62 38 606 377 220 120 363 417 230 159 84 38 640 282 233 103 344 324 230 126 
44 58 360 542 122 183 459 383 150 212 79 46 636 526 209 163 499 571 248 108 
28 58 360 441 111 165 396 377 165 209 74 36 622 355 217 126 384 407 246 160 
106 27 664 238 261 87 344 366 284 103 34 54 383 555 118 181 413 293 163 228 
39 47 449 479 150 157 409 389 167 223 56 60 422 490 148 168 365 367 203 216 
48 68 373 561 133 190 379 463 161 208 68 28 513 436 181 146 404 435 220 175 
82 39 606 452 217 143 572 481 224 122 37 56 451 493 145 170 416 397 227 201 
69 39 639 523 227 147 636 579 225 138 36 39 379 562 127 164 350 441 167 240 
45 61 467 550 158 177 339 439 218 212 45 55 475 462 151 176 425 414 209 209 
34 54 383 555 118 181 413 293 163 228 48 68 373 561 133 190 379 463 161 208 
44 64 440 413 132 160 441 393 184 198 45 61 467 550 158 177 339 439 218 212 
74 36 622 355 217 126 384 407 246 160 69 39 639 523 227 147 636 579 225 138 
68 28 513 436 181 146 404 435 220 175 39 47 449 479 150 157 409 389 167 223 
56 60 422 490 148 168 365 367 203 216 44 58 360 542 122 183 459 383 150 212 
45 55 475 462 151 176 425 414 209 209 82 39 606 452 217 143 572 481 224 122 
36 39 379 562 127 164 350 441 167 240 28 58 360 441 111 165 396 377 165 209 
79 46 636 526 209 163 499 571 248 108 74 51 593 423 234 149 383 391 225 180 
84 38 640 282 233 103 344 324 230 126 106 27 664 238 261 87 344 366 284 103 
37 56 451 493 145 170 416 397 227 201 62 38 606 377 220 120 363 417 230 159 
82 39 606 452 217 143 572 481 224 122 44 64 440 413 132 160 441 393 184 198 
48 68 373 561 133 190 379 463 161 208 74 36 622 355 217 126 384 407 246 160 
39 47 449 479 150 157 409 389 167 223 34 54 383 555 118 181 413 293 163 228 
106 27 664 238 261 87 344 366 284 103 36 39 379 562 127 164 350 441 167 240 
28 58 360 441 111 165 396 377 165 209 84 38 640 282 233 103 344 324 230 126 
62 38 606 377 220 120 363 417 230 159 68 28 513 436 181 146 404 435 220 175 
69 39 639 523 227 147 636 579 225 138 79 46 636 526 209 163 499 571 248 108 
45 61 467 550 158 177 339 439 218 212 37 56 451 493 145 170 416 397 227 201 
44 58 360 542 122 183 459 383 150 212 45 55 475 462 151 176 425 414 209 209 
74 51 593 423 234 149 383 391 225 180 56 60 422 490 148 168 365 367 203 216 
44 64 440 413 132 160 441 393 184 198 28 58 360 441 111 165 396 377 165 209 
37 56 451 493 145 170 416 397 227 201 39 47 449 479 150 157 409 389 167 223 
84 38 640 282 233 103 344 324 230 126 69 39 639 523 227 147 636 579 225 138 
56 60 422 490 148 168 365 367 203 216 48 68 373 561 133 190 379 463 161 208 
79 46 636 526 209 163 499 571 248 108 45 61 467 550 158 177 339 439 218 212 
34 54 383 555 118 181 413 293 163 228 82 39 606 452 217 143 572 481 224 122 
36 39 379 562 127 164 350 441 167 240 62 38 606 377 220 120 363 417 230 159 
68 28 513 436 181 146 404 435 220 175 44 58 360 542 122 183 459 383 150 212 
45 55 475 462 151 176 425 414 209 209 74 51 593 423 234 149 383 391 225 180 
74 36 622 355 217 126 384 407 246 160 106 27 664 238 261 87 344 366 284 103 
74 51 593 423 234 149 383 391 225 180 84 38 640 282 233 103 344 324 230 126 
69 39 639 523 227 147 636 579 225 138 56 60 422 490 148 168 365 367 203 216 
82 39 606 452 217 143 572 481 224 122 74 36 622 355 217 126 384 407 246 160 
48 68 373 561 133 190 379 463 161 208 36 39 379 562 127 164 350 441 167 240 
39 47 449 479 150 157 409 389 167 223 44 64 440 413 132 160 441 393 184 198 
44 58 360 542 122 183 459 383 150 212 34 54 383 555 118 181 413 293 163 228 
45 61 467 550 158 177 339 439 218 212 68 28 513 436 181 146 404 435 220 175 
106 27 664 238 261 87 344 366 284 103 37 56 451 493 145 170 416 397 227 201 
62 38 606 377 220 120 363 417 230 159 45 55 475 462 151 176 425 414 209 209 
28 58 360 441 111 165 396 377 165 209 79 46 636 526 209 163 499 571 248 108 
37 56 451 493 145 170 416 397 227 201 44 64 440 413 132 160 441 393 184 198 
39 47 449 479 150 157 409 389 167 223 45 61 467 550 158 177 339 439 218 212 
56 60 422 490 148 168 365 367 203 216 36 39 379 562 127 164 350 441 167 240 
28 58 360 441 111 165 396 377 165 209 48 68 373 561 133 190 379 463 161 208 
45 55 475 462 151 176 425 414 209 209 74 36 622 355 217 126 384 407 246 160 
69 39 639 523 227 147 636 579 225 138 34 54 383 555 118 181 413 293 163 228 
84 38 640 282 233 103 344 324 230 126 79 46 636 526 209 163 499 571 248 108 
106 27 664 238 261 87 344 366 284 103 68 28 513 436 181 146 404 435 220 175 
74 51 593 423 234 149 383 391 225 180 82 39 606 452 217 143 572 481 224 122 
62 38 606 377 220 120 363 417 230 159 44 58 360 542 122 183 459 383 150 212 
48 68 373 561 133 190 379 463 161 208 106 27 664 238 261 87 344 366 284 103 
44 58 360 542 122 183 459 383 150 212 69 39 639 523 227 147 636 579 225 138 
34 54 383 555 118 181 413 293 163 228 56 60 422 490 148 168 365 367 203 216 
44 64 440 413 132 160 441 393 184 198 84 38 640 282 233 103 344 324 230 126 
74 36 622 355 217 126 384 407 246 160 62 38 606 377 220 120 363 417 230 159 
68 28 513 436 181 146 404 435 220 175 45 55 475 462 151 176 425 414 209 209 
79 46 636 526 209 163 499 571 248 108 37 56 451 493 145 170 416 397 227 201 
45 61 467 550 158 177 339 439 218 212 74 51 593 423 234 149 383 391 225 180 
82 39 606 452 217 143 572 481 224 122 28 58 360 441 111 165 396 377 165 209 
36 39 379 562 127 164 350 441 167 240 39 47 449 479 150 157 409 389 167 223 
69 39 639 523 227 147 636 579 225 138 82 39 606 452 217 143 572 481 224 122 
37 56 451 493 145 170 416 397 227 201 68 28 513 436 181 146 404 435 220 175 
39 47 449 479 150 157 409 389 167 223 48 68 373 561 133 190 379 463 161 208 
45 55 475 462 151 176 425 414 209 209 36 39 379 562 127 164 350 441 167 240 
28 58 360 441 111 165 396 377 165 209 34 54 383 555 118 181 413 293 163 228 
56 60 422 490 148 168 365 367 203 216 44 64 440 413 132 160 441 393 184 198 
106 27 664 238 261 87 344 366 284 103 45 61 467 550 158 177 339 439 218 212 
84 38 640 282 233 103 344 324 230 126 44 58 360 542 122 183 459 383 150 212 
62 38 606 377 220 120 363 417 230 159 79 46 636 526 209 163 499 571 248 108 
74 51 593 423 234 149 383 391 225 180 74 36 622 355 217 126 384 407 246 160 
48 68 373 561 133 190 379 463 161 208 69 39 639 523 227 147 636 579 225 138 
44 64 440 413 132 160 441 393 184 198 106 27 664 238 261 87 344 366 284 103 
34 54 383 555 118 181 413 293 163 228 45 55 475 462 151 176 425 414 209 209 
45 61 467 550 158 177 339 439 218 212 28 58 360 441 111 165 396 377 165 209 
74 36 622 355 217 126 384 407 246 160 37 56 451 493 145 170 416 397 227 201 
68 28 513 436 181 146 404 435 220 175 74 51 593 423 234 149 383 391 225 180 
79 46 636 526 209 163 499 571 248 108 56 60 422 490 148 168 365 367 203 216 
44 58 360 542 122 183 459 383 150 212 39 47 449 479 150 157 409 389 167 223 
36 39 379 562 127 164 350 441 167 240 84 38 640 282 233 103 344 324 230 126 
82 39 606 452 217 143 572 481 224 122 62 38 606 377 220 120 363 417 230 159 
68 28 513 436 181 146 404 435 220 175 79 46 636 526 209 163 499 571 248 108 
56 60 422 490 148 168 365 367 203 216 74 36 622 355 217 126 384 407 246 160 
48 68 373 561 133 190 379 463 161 208 45 55 475 462 151 176 425 414 209 209 
69 39 639 523 227 147 636 579 225 138 37 56 451 493 145 170 416 397 227 201 
62 38 606 377 220 120 363 417 230 159 106 27 664 238 261 87 344 366 284 103 
36 39 379 562 127 164 350 441 167 240 34 54 383 555 118 181 413 293 163 228 
45 61 467 550 158 177 339 439 218 212 84 38 640 282 233 103 344 324 230 126 
74 51 593 423 234 149 383 391 225 180 28 58 360 441 111 165 396 377 165 209 
39 47 449 479 150 157 409 389 167 223 82 39 606 452 217 143 572 481 224 122 
44 58 360 542 122 183 459 383 150 212 44 64 440 413 132 160 441 393 184 198 
82 39 606 452 217 143 572 481 224 122 45 61 467 550 158 177 339 439 218 212 
44 64 440 413 132 160 441 393 184 198 69 39 639 523 227 147 636 579 225 138 
74 36 622 355 217 126 384 407 246 160 36 39 379 562 127 164 350 441 167 240 
45 55 475 462 151 176 425 414 209 209 56 60 422 490 148 168 365 367 203 216 
79 46 636 526 209 163 499 571 248 108 48 68 373 561 133 190 379 463 161 208 
28 58 360 441 111 165 396 377 165 209 39 47 449 479 150 157 409 389 167 223 
106 27 664 238 261 87 344 366 284 103 44 58 360 542 122 183 459 383 150 212 
37 56 451 493 145 170 416 397 227 201 74 51 593 423 234 149 383 391 225 180 
84 38 640 282 233 103 344 324 230 126 68 28 513 436 181 146 404 435 220 175 
34 54 383 555 118 181 413 293 163 228 62 38 606 377 220 120 363 417 230 159 
82 39 606 452 217 143 572 481 224 122 84 38 640 282 233 103 344 324 230 126 
74 51 593 423 234 149 383 391 225 180 36 39 379 562 127 164 350 441 167 240 
45 61 467 550 158 177 339 439 218 212 34 54 383 555 118 181 413 293 163 228 
69 39 639 523 227 147 636 579 225 138 68 28 513 436 181 146 404 435 220 175 
62 38 606 377 220 120 363 417 230 159 56 60 422 490 148 168 365 367 203 216 
28 58 360 441 111 165 396 377 165 209 37 56 451 493 145 170 416 397 227 201 
106 27 664 238 261 87 344 366 284 103 45 55 475 462 151 176 425 414 209 209 
39 47 449 479 150 157 409 389 167 223 79 46 636 526 209 163 499 571 248 108 
48 68 373 561 133 190 379 463 161 208 44 64 440 413 132 160 441 393 184 198 
44 58 360 542 122 183 459 383 150 212 74 36 622 355 217 126 384 407 246 160 
45 55 475 462 151 176 425 414 209 209 69 39 639 523 227 147 636 579 225 138 
36 39 379 562 127 164 350 441 167 240 44 58 360 542 122 183 459 383 150 212 
34 54 383 555 118 181 413 293 163 228 74 51 593 423 234 149 383 391 225 180 
44 64 440 413 132 160 441 393 184 198 62 38 606 377 220 120 363 417 230 159 
74 36 622 355 217 126 384 407 246 160 45 61 467 550 158 177 339 439 218 212 
68 28 513 436 181 146 404 435 220 175 28 58 360 441 111 165 396 377 165 209 
84 38 640 282 233 103 344 324 230 126 39 47 449 479 150 157 409 389 167 223 
56 60 422 490 148 168 365 367 203 216 106 27 664 238 261 87 344 366 284 103 
79 46 636 526 209 163 499 571 248 108 82 39 606 452 217 143 572 481 224 122 
37 56 451 493 145 170 416 397 227 201 48 68 373 561 133 190 379 463 161 208 
79 46 636 526 209 163 499 571 248 108 28 58 360 441 111 165 396 377 165 209 
74 36 622 355 217 126 384 407 246 160 82 39 606 452 217 143 572 481 224 122 
34 54 383 555 118 181 413 293 163 228 44 58 360 542 122 183 459 383 150 212 
84 38 640 282 233 103 344 324 230 126 74 51 593 423 234 149 383 391 225 180 
56 60 422 490 148 168 365 367 203 216 69 39 639 523 227 147 636 579 225 138 
44 64 440 413 132 160 441 393 184 198 39 47 449 479 150 157 409 389 167 223 
36 39 379 562 127 164 350 441 167 240 48 68 373 561 133 190 379 463 161 208 
68 28 513 436 181 146 404 435 220 175 45 61 467 550 158 177 339 439 218 212 
45 55 475 462 151 176 425 414 209 209 62 38 606 377 220 120 363 417 230 159 
37 56 451 493 145 170 416 397 227 201 106 27 664 238 261 87 344 366 284 103 
69 39 639 523 227 147 636 579 225 138 74 36 622 355 217 126 384 407 246 160 
44 58 360 542 122 183 459 383 150 212 56 60 422 490 148 168 365 367 203 216 
74 51 593 423 234 149 383 391 225 180 79 46 636 526 209 163 499 571 248 108 
82 39 606 452 217 143 572 481 224 122 45 55 475 462 151 176 425 414 209 209 
48 68 373 561 133 190 379 463 161 208 34 54 383 555 118 181 413 293 163 228 
39 47 449 479 150 157 409 389 167 223 68 28 513 436 181 146 404 435 220 175 
28 58 360 441 111 165 396 377 165 209 36 39 379 562 127 164 350 441 167 240 
62 38 606 377 220 120 363 417 230 159 37 56 451 493 145 170 416 397 227 201 
45 61 467 550 158 177 339 439 218 212 44 64 440 413 132 160 441 393 184 198 
106 27 664 238 261 87 344 366 284 103 84 38 640 282 233 103 344 324 230 126 
48 68 373 561 133 190 379 463 161 208 74 51 593 423 234 149 383 391 225 180 
56 60 422 490 148 168 365 367 203 216 37 56 451 493 145 170 416 397 227 201 
45 55 475 462 151 176 425 414 209 209 44 64 440 413 132 160 441 393 184 198 
62 38 606 377 220 120 363 417 230 159 39 47 449 479 150 157 409 389 167 223 
69 39 639 523 227 147 636 579 225 138 28 58 360 441 111 165 396 377 165 209 
36 39 379 562 127 164 350 441 167 240 79 46 636 526 209 163 499 571 248 108 
34 54 383 555 118 181 413 293 163 228 84 38 640 282 233 103 344 324 230 126 
74 36 622 355 217 126 384 407 246 160 68 28 513 436 181 146 404 435 220 175 
44 58 360 542 122 183 459 383 150 212 45 61 467 550 158 177 339 439 218 212 
106 27 664 238 261 87 344 366 284 103 82 39 606 452 217 143 572 481 224 122 
84 38 640 282 233 103 344 324 230 126 45 55 475 462 151 176 425 414 209 209 
45 61 467 550 158 177 339 439 218 212 48 68 373 561 133 190 379 463 161 208 
74 51 593 423 234 149 383 391 225 180 62 38 606 377 220 120 363 417 230 159 
68 28 513 436 181 146 404 435 220 175 34 54 383 555 118 181 413 293 163 228 
39 47 449 479 150 157 409 389 167 223 69 39 639 523 227 147 636 579 225 138 
37 56 451 493 145 170 416 397 227 201 44 58 360 542 122 183 459 383 150 212 
44 64 440 413 132 160 441 393 184 198 36 39 379 562 127 164 350 441 167 240 
82 39 606 452 217 143 572 481 224 122 56 60 422 490 148 168 365 367 203 216 
79 46 636 526 209 163 499 571 248 108 74 36 622 355 217 126 384 407 246 160 
28 58 360 441 111 165 396 377 165 209 106 27 664 238 261 87 344 366 284 103 
74 51 593 423 234 149 383 391 225 180 69 39 639 523 227 147 636 579 225 138 
82 39 606 452 217 143 572 481 224 122 48 68 373 561 133 190 379 463 161 208 
79 46 636 526 209 163 499 571 248 108 34 54 383 555 118 181 413 293 163 228 
28 58 360 441 111 165 396 377 165 209 44 58 360 542 122 183 459 383 150 212 
39 47 449 479 150 157 409 389 167 223 106 27 664 238 261 87 344 366 284 103 
68 28 513 436 181 146 404 435 220 175 36 39 379 562 127 164 350 441 167 240 
74 36 622 355 217 126 384 407 246 160 44 64 440 413 132 160 441 393 184 198 
37 56 451 493 145 170 416 397 227 201 45 55 475 462 151 176 425 414 209 209 
84 38 640 282 233 103 344 324 230 126 56 60 422 490 148 168 365 367 203 216 
45 61 467 550 158 177 339 439 218 212 62 38 606 377 220 120 363 417 230 159 
45 55 475 462 151 176 425 414 209 209 79 46 636 526 209 163 499 571 248 108 
62 38 606 377 220 120 363 417 230 159 28 58 360 441 111 165 396 377 165 209 
69 39 639 523 227 147 636 579 225 138 45 61 467 550 158 177 339 439 218 212 
36 39 379 562 127 164 350 441 167 240 37 56 451 493 145 170 416 397 227 201 
34 54 383 555 118 181 413 293 163 228 44 64 440 413 132 160 441 393 184 198 
74 36 622 355 217 126 384 407 246 160 39 47 449 479 150 157 409 389 167 223 
44 58 360 542 122 183 459 383 150 212 82 39 606 452 217 143 572 481 224 122 
106 27 664 238 261 87 344 366 284 103 74 51 593 423 234 149 383 391 225 180 
56 60 422 490 148 168 365 367 203 216 68 28 513 436 181 146 404 435 220 175 
48 68 373 561 133 190 379 463 161 208 84 38 640 282 233 103 344 324 230 126 
44 58 360 542 122 183 459 383 150 212 106 27 664 238 261 87 344 366 284 103 
34 54 383 555 118 181 413 293 163 228 36 39 379 562 127 164 350 441 167 240 
79 46 636 526 209 163 499 571 248 108 68 28 513 436 181 146 404 435 220 175 
44 64 440 413 132 160 441 393 184 198 44 58 360 542 122 183 459 383 150 212 
37 56 451 493 145 170 416 397 227 201 69 39 639 523 227 147 636 579 225 138 
84 38 640 282 233 103 344 324 230 126 45 61 467 550 158 177 339 439 218 212 
28 58 360 441 111 165 396 377 165 209 74 51 593 423 234 149 383 391 225 180 
45 55 475 462 151 176 425 414 209 209 48 68 373 561 133 190 379 463 161 208 
106 27 664 238 261 87 344 366 284 103 62 38 606 377 220 120 363 417 230 159 
74 36 622 355 217 126 384 407 246 160 56 60 422 490 148 168 365 367 203 216 
82 39 606 452 217 143 572 481 224 122 39 47 449 479 150 157 409 389 167 223 
69 39 639 523 227 147 636 579 225 138 44 64 440 413 132 160 441 393 184 198 
48 68 373 561 133 190 379 463 161 208 79 46 636 526 209 163 499 571 248 108 
45 61 467 550 158 177 339 439 218 212 82 39 606 452 217 143 572 481 224 122 
36 39 379 562 127 164 350 441 167 240 74 36 622 355 217 126 384 407 246 160 
39 47 449 479 150 157 409 389 167 223 28 58 360 441 111 165 396 377 165 209 
56 60 422 490 148 168 365 367 203 216 45 55 475 462 151 176 425 414 209 209 
74 51 593 423 234 149 383 391 225 180 37 56 451 493 145 170 416 397 227 201 
68 28 513 436 181 146 404 435 220 175 84 38 640 282 233 103 344 324 230 126 
39 47 449 479 150 157 409 389 167 223 36 39 379 562 127 164 350 441 167 240 
56 60 422 490 148 168 365 367 203 216 34 54 383 555 118 181 413 293 163 228 
28 58 360 441 111 165 396 377 165 209 82 39 606 452 217 143 572 481 224 122 
69 39 639 523 227 147 636 579 225 138 44 58 360 542 122 183 459 383 150 212 
45 55 475 462 151 176 425 414 209 209 68 28 513 436 181 146 404 435 220 175 
106 27 664 238 261 87 344 366 284 103 48 68 373 561 133 190 379 463 161 208 
37 56 451 493 145 170 416 397 227 201 79 46 636 526 209 163 499 571 248 108 
62 38 606 377 220 120 363 417 230 159 74 36 622 355 217 126 384 407 246 160 
74 51 593 423 234 149 383 391 225 180 45 61 467 550 158 177 339 439 218 212 
84 38 640 282 233 103 344 324 230 126 44 64 440 413 132 160 441 393 184 198 
34 54 383 555 118 181 413 293 163 228 28 58 360 441 111 165 396 377 165 209 
36 39 379 562 127 164 350 441 167 240 45 55 475 462 151 176 425 414 209 209 
68 28 513 436 181 146 404 435 220 175 37 56 451 493 145 170 416 397 227 201 
74 36 622 355 217 126 384 407 246 160 74 51 593 423 234 149 383 391 225 180 
48 68 373 561 133 190 379 463 161 208 39 47 449 479 150 157 409 389 167 223 
82 39 606 452 217 143 572 481 224 122 69 39 639 523 227 147 636 579 225 138 
45 61 467 550 158 177 339 439 218 212 106 27 664 238 261 87 344 366 284 103 
44 64 440 413 132 160 441 393 184 198 56 60 422 490 148 168 365 367 203 216 
79 46 636 526 209 163 499 571 248 108 62 38 606 377 220 120 363 417 230 159 
44 58 360 542 122 183 459 383 150 212 84 38 640 282 233 103 344 324 230 126 
37 56 451 493 145 170 416 397 227 201 74 36 622 355 217 126 384 407 246 160 
39 47 449 479 150 157 409 389 167 223 44 58 360 542 122 183 459 383 150 212 
106 27 664 238 261 87 344 366 284 103 44 64 440 413 132 160 441 393 184 198 
56 60 422 490 148 168 365 367 203 216 79 46 636 526 209 163 499 571 248 108 
28 58 360 441 111 165 396 377 165 209 45 61 467 550 158 177 339 439 218 212 
45 55 475 462 151 176 425 414 209 209 34 54 383 555 118 181 413 293 163 228 
69 39 639 523 227 147 636 579 225 138 48 68 373 561 133 190 379 463 161 208 
74 51 593 423 234 149 383 391 225 180 68 28 513 436 181 146 404 435 220 175 
62 38 606 377 220 120 363 417 230 159 82 39 606 452 217 143 572 481 224 122 
84 38 640 282 233 103 344 324 230 126 36 39 379 562 127 164 350 441 167 240 
45 61 467 550 158 177 339 439 218 212 39 47 449 479 150 157 409 389 167 223 
36 39 379 562 127 164 350 441 167 240 56 60 422 490 148 168 365 367 203 216 
48 68 373 561 133 190 379 463 161 208 28 58 360 441 111 165 396 377 165 209 
79 46 636 526 209 163 499 571 248 108 84 38 640 282 233 103 344 324 230 126 
44 58 360 542 122 183 459 383 150 212 62 38 606 377 220 120 363 417 230 159 
56 60 422 490 148 168 365 367 203 216 45 61 467 550 158 177 339 439 218 212 
68 28 513 436 181 146 404 435 220 175 44 64 440 413 132 160 441 393 184 198 
48 68 373 561 133 190 379 463 161 208 44 58 360 542 122 183 459 383 150 212 
36 39 379 562 127 164 350 441 167 240 82 39 606 452 217 143 572 481 224 122 
34 54 383 555 118 181 413 293 163 228 37 56 451 493 145 170 416 397 227 201 
79 46 636 526 209 163 499 571 248 108 106 27 664 238 261 87 344 366 284 103 
45 55 475 462 151 176 425 414 209 209 28 58 360 441 111 165 396 377 165 209 
69 39 639 523 227 147 636 579 225 138 62 38 606 377 220 120 363 417 230 159 
84 38 640 282 233 103 344 324 230 126 74 36 622 355 217 126 384 407 246 160 
74 51 593 423 234 149 383 391 225 180 39 47 449 479 150 157 409 389 167 223 
82 39 606 452 217 143 572 481 224 122 68 28 513 436 181 146 404 435 220 175 
44 64 440 413 132 160 441 393 184 198 79 46 636 526 209 163 499 571 248 108 
74 36 622 355 217 126 384 407 246 160 45 55 475 462 151 176 425 414 209 209 
106 27 664 238 261 87 344 366 284 103 69 39 639 523 227 147 636 579 225 138 
62 38 606 377 220 120 363 417 230 159 34 54 383 555 118 181 413 293 163 228 
37 56 451 493 145 170 416 397 227 201 84 38 640 282 233 103 344 324 230 126 
45 61 467 550 158 177 339 439 218 212 36 39 379 562 127 164 350 441 167 240 
28 58 360 441 111 165 396 377 165 209 56 60 422 490 148 168 365 367 203 216 
39 47 449 479 150 157 409 389 167 223 45 55 475 462 151 176 425 414 209 209 
44 58 360 542 122 183 459 383 150 212 74 51 593 423 234 149 383 391 225 180 
62 38 606 377 220 120 363 417 230 159 48 68 373 561 133 190 379 463 161 208 
56 60 422 490 148 168 365 367 203 216 39 47 449 479 150 157 409 389 167 223 
74 36 622 355 217 126 384 407 246 160 28 58 360 441 111 165 396 377 165 209 
37 56 451 493 145 170 416 397 227 201 82 39 606 452 217 143 572 481 224 122 
68 28 513 436 181 146 404 435 220 175 48 68 373 561 133 190 379 463 161 208 
36 39 379 562 127 164 350 441 167 240 69 39 639 523 227 147 636 579 225 138 
79 46 636 526 209 163 499 571 248 108 44 58 360 542 122 183 459 383 150 212 
34 54 383 555 118 181 413 293 163 228 45 61 467 550 158 177 339 439 218 212 
45 55 475 462 151 176 425 414 209 209 106 27 664 238 261 87 344 366 284 103 
84 38 640 282 233 103 344 324 230 126 62 38 606 377 220 120 363 417 230 159 
44 64 440 413 132 160 441 393 184 198 74 51 593 423 234 149 383 391 225 180 
34 54 383 555 118 181 413 293 163 228 69 39 639 523 227 147 636 579 225 138 
45 61 467 550 158 177 339 439 218 212 79 46 636 526 209 163 499 571 248 108 
106 27 664 238 261 87 344 366 284 103 74 36 622 355 217 126 384 407 246 160 
39 47 449 479 150 157 409 389 167 223 37 56 451 493 145 170 416 397 227 201 
48 68 373 561 133 190 379 463 161 208 56 60 422 490 148 168 365 367 203 216 
82 39 606 452 217 143 572 481 224 122 34 54 383 555 118 181 413 293 163 228 
28 58 360 441 111 165 396 377 165 209 44 64 440 413 132 160 441 393 184 198 
44 58 360 542 122 183 459 383 150 212 68 28 513 436 181 146 404 435 220 175 
69 39 639 523 227 147 636 579 225 138 84 38 640 282 233 103 344 324 230 126 
74 51 593 423 234 149 383 391 225 180 45 55 475 462 151 176 425 414 209 209 
62 38 606 377 220 120 363 417 230 159 36 39 379 562 127 164 350 441 167 240 
74 36 622 355 217 126 384 407 246 160 34 54 383 555 118 181 413 293 163 228 
44 64 440 413 132 160 441 393 184 198 37 56 451 493 145 170 416 397 227 201 
82 39 606 452 217 143 572 481 224 122 74 51 593 423 234 149 383 391 225 180 
68 28 513 436 181 146 404 435 220 175 106 27 664 238 261 87 344 366 284 103 
84 38 640 282 233 103 344 324 230 126 28 58 360 441 111 165 396 377 165 209 
34 54 383 555 118 181 413 293 163 228 39 47 449 479 150 157 409 389 167 223 
44 64 440 413 132 160 441 393 184 198 82 39 606 452 217 143 572 481 224 122 
74 36 622 355 217 126 384 407 246 160 48 68 373 561 133 190 379 463 161 208 
79 46 636 526 209 163 499 571 248 108 69 39 639 523 227 147 636 579 225 138 
45 55 475 462 151 176 425 414 209 209 44 58 360 542 122 183 459 383 150 212 
37 56 451 493 145 170 416 397 227 201 45 61 467 550 158 177 339 439 218 212 
68 28 513 436 181 146 404 435 220 175 62 38 606 377 220 120 363 417 230 159 
56 60 422 490 148 168 365 367 203 216 74 51 593 423 234 149 383 391 225 180 
36 39 379 562 127 164 350 441 167 240 106 27 664 238 261 87 344 366 284 103 
44 58 360 542 122 183 459 383 150 212 36 39 379 562 127 164 350 441 167 240 
69 39 639 523 227 147 636 579 225 138 45 55 475 462 151 176 425 414 209 209 
45 61 467 550 158 177 339 439 218 212 74 36 622 355 217 126 384 407 246 160 
82 39 606 452 217 143 572 481 224 122 79 46 636 526 209 163 499 571 248 108 
39 47 449 479 150 157 409 389 167 223 84 38 640 282 233 103 344 324 230 126 
48 68 373 561 133 190 379 463 161 208 37 56 451 493 145 170 416 397 227 201 
62 38 606 377 220 120 363 417 230 159 44 64 440 413 132 160 441 393 184 198 
74 51 593 423 234 149 383 391 225 180 34 54 383 555 118 181 413 293 163 228 
28 58 360 441 111 165 396 377 165 209 68 28 513 436 181 146 404 435 220 175 
106 27 664 238 261 87 344 366 284 103 56 60 422 490 148 168 365 367 203 216 
44 64 440 413 132 160 441 393 184 198 48 68 373 561 133 190 379 463 161 208 
74 36 622 355 217 126 384 407 246 160 44 58 360 542 122 183 459 383 150 212 
37 56 451 493 145 170 416 397 227 201 28 58 360 441 111 165 396 377 165 209 
68 28 513 436 181 146 404 435 220 175 69 39 639 523 227 147 636 579 225 138 
84 38 640 282 233 103 344 324 230 126 82 39 606 452 217 143 572 481 224 122 
56 60 422 490 148 168 365 367 203 216 62 38 606 377 220 120 363 417 230 159 
79 46 636 526 209 163 499 571 248 108 39 47 449 479 150 157 409 389 167 223 
45 55 475 462 151 176 425 414 209 209 45 61 467 550 158 177 339 439 218 212 
36 39 379 562 127 164 350 441 167 240 74 51 593 423 234 149 383 391 225 180 
34 54 383 555 118 181 413 293 163 228 106 27 664 238 261 87 344 366 284 103 
