64
53
40
15
26
42
42
25
80
54
56
31
53
49
78
48
91
41
18
14
41
9
38
74
86
42
17
38
50
38
43
77
65
13
90
38
50
18
15
17
41
30
85
23
33
24
89
57
50
48
64
83
62
39
47
4
20
33
17
69
69
36
57
12
91
38
22
56
38
44
37
47
82
69
45
33
47
19
39
17
57
24
45
93
9
57
40
49
54
65
57
48
90
48
34
31
9
58
21
21
26
26
32
57
36
62
28
90
80
43
40
34
67
29
22
38
90
71
60
71
8
71
34
15
36
71
38
29
67
34
26
23
40
62
40
44
90
71
85
38
60
9
33
60
74
41
33
62
7
20
75
26
43
34
25
34
17
78
34
56
51
61
85
38
34
38
82
24
64
13
14
80
53
15
75
32
88
50
42
31
60
23
19
19
74
80
86
11
31
43
50
75
31
67
65
54
30
75
21
10
13
50
75
50
51
17
47
78
38
49
29
51
44
82
44
42
9
49
57
85
83
42
32
77
51
36
61
42
19
5
82
48
42
25
5
78
60
42
82
19
49
83
31
39
39
69
42
75
28
12
10
49
18
43
57
82
17
48
67
59
59
32
51
35
17
55
44
67
32
47
53
20
27
31
86
53
43
69
78
54
36
69
49
47
67
8
39
15
17
22
36
86
64
29
55
28
42
65
86
49
32
65
8
25
54
69
39
31
39
5
69
11
62
74
25
58
69
94
80
11
48
20
38
33
75
60
82
38
71
53
20
43
9
60
31
50
61
77
39
30
57
23
31
6
65
80
78
44
34
13
93
43
38
71
42
38
53
37
36
4
60
38
25
65
11
43
71
71
9
89
44
45
69
78
77
42
40
53
31
5
